%PDF-1.7

1 0 obj
  << >>
endobj

2 0 obj
  << /Length 3 0 R >>
stream
/DeviceRGB CS
/DeviceRGB cs
q
1.000000 0.000000 -0.000000 1.000000 549.000000 838.659668 cm
1.000000 1.000000 1.000000 scn
346.549622 374.405731 m
434.434296 374.405731 496.222198 337.271423 531.913391 263.002838 c
594.085083 337.271423 664.316040 374.405731 742.606323 374.405731 c
805.929321 374.405731 856.587830 353.541565 894.581604 311.813354 c
932.575439 270.467926 951.572327 215.149353 951.572327 145.857513 c
951.572327 -219.934570 l
792.113464 -219.934570 l
792.113464 145.857513 l
792.113464 181.077667 782.902771 209.598358 764.481567 231.419525 c
746.060303 253.623566 721.114868 264.725525 689.645264 264.725525 c
647.813660 263.577057 615.000854 248.263947 591.206726 218.786194 c
567.412659 189.691284 555.515564 155.619629 555.515564 116.571167 c
555.515564 -219.934570 l
396.056732 -219.934570 l
396.056732 145.857513 l
396.056732 181.077667 386.846069 209.598358 368.424835 231.419525 c
350.387360 253.623566 325.441956 264.725525 293.588531 264.725525 c
252.140747 263.577057 219.327927 248.263947 195.150040 218.786194 c
171.355942 189.691284 159.458878 155.619629 159.458878 116.571167 c
159.458878 -219.934570 l
0.000000 -219.934570 l
0.000000 359.475464 l
159.458878 359.475464 l
159.458878 283.101288 l
213.571274 343.970947 275.934845 374.405731 346.549622 374.405731 c
h
f
n
Q
q
1.000000 0.000000 -0.000000 1.000000 549.000000 654.902466 cm
1.000000 1.000000 1.000000 scn
1150.176392 727.564270 m
1241.706909 727.564270 l
1241.706909 543.232666 l
1397.064209 543.232666 l
1397.064209 466.284271 l
1241.706909 466.284271 l
1241.706909 87.858826 l
1241.706909 68.334595 1247.847412 52.447266 1260.128174 40.196777 c
1272.409058 28.329163 1288.911377 22.395325 1309.635254 22.395325 c
1332.661865 22.395325 1354.536987 31.583191 1375.260864 49.958923 c
1421.313965 -6.890991 l
1383.320190 -35.985901 1342.448120 -50.533386 1298.697632 -50.533386 c
1253.412109 -50.533386 1217.337158 -37.134399 1190.472900 -10.336426 c
1163.608521 16.461487 1150.176392 53.021545 1150.176392 99.343689 c
1150.176392 466.284271 l
1073.037354 466.284271 l
1073.037354 543.232666 l
1150.176392 543.232666 l
1150.176392 727.564270 l
h
f
n
Q
q
1.000000 0.000000 -0.000000 1.000000 549.000000 824.303711 cm
1.000000 1.000000 1.000000 scn
1502.482666 85.562012 m
1502.482666 172.081146 1529.922607 244.244171 1584.802490 302.051147 c
1639.682495 359.858154 1709.337769 388.761688 1793.768555 388.761688 c
1877.431641 388.761688 1944.976074 360.432373 1996.401978 303.773865 c
2048.211670 247.115356 2074.116699 174.378113 2074.116699 85.562012 c
2074.116699 67.186279 2074.116699 56.084351 2074.116699 52.256042 c
1598.042847 52.256042 l
1599.194092 44.982300 1600.921143 35.220215 1603.223877 22.969727 c
1614.353394 -27.946411 1638.723145 -68.717651 1676.333130 -99.343872 c
1714.327026 -129.587280 1759.612305 -144.708984 1812.189575 -144.708984 c
1875.512695 -144.708984 1928.090088 -122.313477 1969.921631 -77.522644 c
2052.241455 -115.422607 l
1998.512939 -185.097290 1918.495483 -219.934631 1812.189575 -219.934631 c
1723.153564 -219.934631 1649.276978 -191.031128 1590.559204 -133.224121 c
1531.841553 -75.034302 1502.482666 -2.105530 1502.482666 85.562012 c
h
1660.214478 258.983002 m
1624.907104 222.614380 1604.183228 175.143738 1598.042847 116.571075 c
1990.069824 116.571075 l
1983.929443 175.143738 1963.013550 222.614380 1927.322388 258.983002 c
1892.015015 295.351654 1847.497192 313.536011 1793.768555 313.536011 c
1740.039917 313.536011 1695.521851 295.351654 1660.214478 258.983002 c
h
f
n
Q
q
1.000000 0.000000 -0.000000 1.000000 549.000000 824.877930 cm
1.000000 1.000000 1.000000 scn
2189.825195 82.690857 m
2189.825195 169.209961 2217.265137 241.564392 2272.145020 299.754242 c
2327.024902 358.326904 2396.680420 387.613220 2481.111084 387.613220 c
2590.103516 387.613220 2671.847656 343.205200 2726.343994 254.389130 c
2645.750977 217.637665 l
2610.443604 281.187073 2555.563721 312.961792 2481.111084 312.961792 c
2422.393311 312.961792 2374.996826 291.523438 2338.922119 248.646698 c
2302.847168 206.152802 2284.809814 150.834229 2284.809814 82.690857 c
2284.809814 14.547485 2302.847168 -40.579773 2338.922119 -82.690857 c
2374.996826 -124.801941 2422.393311 -145.857422 2481.111084 -145.857422 c
2555.563721 -145.857422 2610.443604 -114.082642 2645.750977 -50.533203 c
2726.343994 -89.007446 l
2671.463867 -176.675049 2589.719727 -220.508850 2481.111084 -220.508850 c
2396.680420 -220.508850 2327.024902 -191.988159 2272.145020 -134.946777 c
2217.265137 -77.522644 2189.825195 -4.976685 2189.825195 82.690857 c
h
f
n
Q
q
1.000000 0.000000 -0.000000 1.000000 549.000000 618.725098 cm
1.000000 1.000000 1.000000 scn
2852.989990 814.274902 m
2945.096191 814.274902 l
2945.096191 499.016144 l
3003.813965 562.182739 3072.701660 593.766052 3151.759521 593.766052 c
3214.314941 593.766052 3266.700439 573.093323 3308.915771 531.747925 c
3351.131104 490.019684 3372.238770 433.935455 3372.238770 363.495148 c
3372.238770 0.000000 l
3280.132568 0.000000 l
3280.132568 358.326874 l
3280.132568 405.797546 3267.276123 444.463196 3241.562988 474.323792 c
3215.850098 504.184357 3179.775391 519.114624 3133.338379 519.114624 c
3083.447510 519.114624 3039.505127 501.313141 3001.511475 465.710144 c
2963.901367 430.489990 2945.096191 382.445099 2945.096191 321.575470 c
2945.096191 0.000000 l
2852.989990 0.000000 l
2852.989990 814.274902 l
h
f
n
Q
q
1.000000 0.000000 -0.000000 1.000000 1502.109009 1452.993896 cm
0.003922 0.733333 0.592157 scn
170.694397 85.136330 m
170.694397 38.116806 132.483154 -0.000046 85.347198 -0.000046 c
38.211243 -0.000046 0.000000 38.116806 0.000000 85.136330 c
0.000000 132.155853 38.211243 170.272705 85.347198 170.272705 c
132.483154 170.272705 170.694397 132.155853 170.694397 85.136330 c
h
f
n
Q
q
1.000000 0.000000 -0.000000 1.000000 1137.965454 1657.322388 cm
0.003922 0.733333 0.592157 scn
170.694397 85.136345 m
170.694397 38.116837 132.483154 -0.000015 85.347198 -0.000015 c
38.211243 -0.000015 0.000000 38.116837 0.000000 85.136345 c
0.000000 132.155853 38.211243 170.272705 85.347198 170.272705 c
132.483154 170.272705 170.694397 132.155853 170.694397 85.136345 c
h
f
n
Q
q
1.000000 0.000000 -0.000000 1.000000 682.773193 1702.727295 cm
0.082353 0.623529 0.505882 scn
170.694473 85.136330 m
170.694473 38.116806 132.483200 -0.000046 85.347237 -0.000046 c
38.211258 -0.000046 0.000000 38.116806 0.000000 85.136330 c
0.000000 132.155853 38.211258 170.272705 85.347237 170.272705 c
132.483200 170.272705 170.694473 132.155853 170.694473 85.136330 c
h
f
n
Q
q
1.000000 0.000000 -0.000000 1.000000 341.391602 1498.398926 cm
0.184314 0.490196 0.400000 scn
170.694443 85.136345 m
170.694443 38.116837 132.483185 -0.000015 85.347221 -0.000015 c
38.211254 -0.000015 0.000000 38.116837 0.000000 85.136345 c
0.000000 132.155853 38.211254 170.272705 85.347221 170.272705 c
132.483185 170.272705 170.694443 132.155853 170.694443 85.136345 c
h
f
n
Q
q
1.000000 0.000000 -0.000000 1.000000 91.038574 1180.556885 cm
0.239216 0.419608 0.337255 scn
170.694443 85.136322 m
170.694443 38.116806 132.483185 -0.000061 85.347221 -0.000061 c
38.211254 -0.000061 0.000000 38.116806 0.000000 85.136322 c
0.000000 132.155853 38.211254 170.272705 85.347221 170.272705 c
132.483185 170.272705 170.694443 132.155853 170.694443 85.136322 c
h
f
n
Q
q
1.000000 0.000000 -0.000000 1.000000 0.000000 783.253174 cm
0.317647 0.321569 0.262745 scn
170.694443 85.136322 m
170.694443 38.116806 132.483185 -0.000061 85.347221 -0.000061 c
38.211254 -0.000061 0.000000 38.116806 0.000000 85.136322 c
0.000000 132.155853 38.211254 170.272705 85.347221 170.272705 c
132.483185 170.272705 170.694443 132.155853 170.694443 85.136322 c
h
f
n
Q
q
1.000000 0.000000 -0.000000 1.000000 159.314697 385.951904 cm
0.403922 0.207843 0.172549 scn
170.694443 85.136322 m
170.694443 38.116806 132.483185 -0.000061 85.347221 -0.000061 c
38.211254 -0.000061 0.000000 38.116806 0.000000 85.136322 c
0.000000 132.155853 38.211254 170.272705 85.347221 170.272705 c
132.483185 170.272705 170.694443 132.155853 170.694443 85.136322 c
h
f
n
Q
q
1.000000 0.000000 -0.000000 1.000000 455.182129 102.164307 cm
0.482353 0.101961 0.082353 scn
170.694397 85.136360 m
170.694397 38.116867 132.483154 0.000015 85.347198 0.000015 c
38.211243 0.000015 0.000000 38.116867 0.000000 85.136360 c
0.000000 132.155869 38.211243 170.272705 85.347198 170.272705 c
132.483154 170.272705 170.694397 132.155869 170.694397 85.136360 c
h
f
n
Q
q
1.000000 0.000000 -0.000000 1.000000 842.087891 0.000977 cm
0.501961 0.078431 0.070588 scn
170.694473 85.136528 m
170.694473 38.116989 132.483200 0.000107 85.347237 0.000107 c
38.211258 0.000107 0.000000 38.116989 0.000000 85.136528 c
0.000000 132.156067 38.211258 170.272949 85.347237 170.272949 c
132.483200 170.272949 170.694473 132.156067 170.694473 85.136528 c
h
f
n
Q
q
1.000000 0.000000 -0.000000 1.000000 1240.374756 79.460449 cm
0.501961 0.078431 0.070588 scn
170.694397 85.136528 m
170.694397 38.116989 132.483154 0.000107 85.347198 0.000107 c
38.211243 0.000107 0.000000 38.116989 0.000000 85.136528 c
0.000000 132.156067 38.211243 170.272949 85.347198 170.272949 c
132.483154 170.272949 170.694397 132.156067 170.694397 85.136528 c
h
f
n
Q
q
1.000000 0.000000 -0.000000 1.000000 1581.766357 317.843506 cm
0.545098 0.019608 0.019608 scn
170.694397 85.136360 m
170.694397 38.116867 132.483154 0.000015 85.347198 0.000015 c
38.211243 0.000015 0.000000 38.116867 0.000000 85.136360 c
0.000000 132.155869 38.211243 170.272705 85.347198 170.272705 c
132.483154 170.272705 170.694397 132.155869 170.694397 85.136360 c
h
f
n
Q

endstream
endobj

3 0 obj
  9547
endobj

4 0 obj
  << /Annots []
     /Type /Page
     /MediaBox [ 0.000000 0.000000 4620.066895 1873.000000 ]
     /Resources 1 0 R
     /Contents 2 0 R
     /Parent 5 0 R
  >>
endobj

5 0 obj
  << /Kids [ 4 0 R ]
     /Count 1
     /Type /Pages
  >>
endobj

6 0 obj
  << /Pages 5 0 R
     /Type /Catalog
  >>
endobj

xref
0 7
0000000000 65535 f
0000000010 00000 n
0000000034 00000 n
0000009637 00000 n
0000009660 00000 n
0000009837 00000 n
0000009911 00000 n
trailer
<< /ID [ (some) (id) ]
   /Root 6 0 R
   /Size 7
>>
startxref
9970
%%EOF